10	0	0
10	-0.001962	-0.0001962
10	-0.005886	-0.0005886
9.99999	-0.011772	-0.0011772
9.99998	-0.01962	-0.001962
9.99996	-0.02943	-0.002943
9.99992	-0.0412019	-0.0041202
9.99985	-0.0549357	-0.0054936
9.99975	-0.0706313	-0.00706319
9.99961	-0.0882886	-0.00882898
9.99942	-0.107908	-0.010791
9.99916	-0.129488	-0.0129491
9.99883	-0.153029	-0.0153035
9.99841	-0.178531	-0.017854
9.99788	-0.205993	-0.0206007
9.99723	-0.235414	-0.0235436
9.99644	-0.266794	-0.0266826
9.9955	-0.300132	-0.0300177
9.99437	-0.335427	-0.033549
9.99305	-0.372677	-0.0372763
9.99151	-0.41188	-0.0411997
9.98973	-0.453036	-0.0453191
9.98768	-0.496142	-0.0496345
9.98534	-0.541195	-0.0541459
9.98269	-0.588193	-0.0588532
9.97968	-0.637132	-0.0637564
9.9763	-0.68801	-0.0688554
9.97252	-0.740821	-0.0741501
9.9683	-0.795563	-0.0796404
9.96362	-0.852229	-0.0853264
9.95843	-0.910814	-0.0912078
9.95272	-0.971312	-0.0972846
9.94643	-1.03372	-0.103557
9.93953	-1.09802	-0.110024
9.932	-1.16422	-0.116686
9.92378	-1.23229	-0.123543
9.91485	-1.30224	-0.130595
9.90515	-1.37405	-0.137841
9.89465	-1.44772	-0.145282
9.88331	-1.52322	-0.152917
9.87108	-1.60054	-0.160746
9.85792	-1.67968	-0.168768
9.84379	-1.76061	-0.176984
9.82864	-1.84333	-0.185393
9.81242	-1.9278	-0.193995
9.79509	-2.01402	-0.202789
9.77659	-2.10196	-0.211775
9.75689	-2.1916	-0.220954
9.73593	-2.28292	-0.230323
9.71366	-2.3759	-0.239884
9.69003	-2.47051	-0.249635
9.66499	-2.56672	-0.259577
9.63849	-2.6645	-0.269708
9.61048	-2.76383	-0.280028
9.5809	-2.86467	-0.290537
9.54971	-2.96698	-0.301234
9.51685	-3.07075	-0.312118
9.48228	-3.17592	-0.323188
9.44593	-3.28245	-0.334445
9.40775	-3.39032	-0.345887
9.3677	-3.49947	-0.357514
9.32571	-3.60986	-0.369325
9.28175	-3.72144	-0.381318
9.23575	-3.83418	-0.393494
9.18767	-3.94801	-0.405851
9.13745	-4.06288	-0.418388
9.08505	-4.17874	-0.431104
9.03041	-4.29554	-0.443999
8.97349	-4.41321	-0.457071
8.91424	-4.5317	-0.470319
8.85261	-4.65094	-0.483741
8.78856	-4.77087	-0.497338
8.72204	-4.89143	-0.511107
8.65301	-5.01253	-0.525047
8.58142	-5.13412	-0.539156
8.50724	-5.25612	-0.553434
8.43043	-5.37846	-0.56788
8.35095	-5.50105	-0.58249
8.26877	-5.62382	-0.597264
8.18385	-5.7467	-0.612201
8.09616	-5.86959	-0.627298
8.00568	-5.99242	-0.642554
7.91237	-6.11509	-0.657967
7.81621	-6.23753	-0.673535
7.71719	-6.35964	-0.689257
7.61527	-6.48133	-0.70513
7.51045	-6.6025	-0.721152
7.40272	-6.72308	-0.737322
7.29205	-6.84295	-0.753637
7.17844	-6.96204	-0.770095
7.0619	-7.08023	-0.786694
6.94241	-7.19743	-0.803432
6.81998	-7.31354	-0.820305
6.69461	-7.42847	-0.837313
6.56632	-7.54211	-0.854452
6.43511	-7.65437	-0.871719
6.30101	-7.76513	-0.889113
6.16402	-7.87432	-0.906631
6.02418	-7.98181	-0.924269
5.88151	-8.08751	-0.942026
5.73603	-8.19133	-0.959898
5.5878	-8.29316	-0.977883
5.43683	-8.39291	-0.995977
5.28318	-8.49047	-1.01418
5.12689	-8.58575	-1.03248
4.96801	-8.67865	-1.05089
4.80659	-8.76908	-1.06939
4.64269	-8.85694	-1.08799
4.47637	-8.94216	-1.10668
4.30769	-9.02462	-1.12545
4.13673	-9.10426	-1.14431
3.96355	-9.18098	-1.16325
3.78822	-9.25469	-1.18227
3.61084	-9.32533	-1.20137
3.43147	-9.39282	-1.22053
3.25021	-9.45707	-1.23976
3.06713	-9.51802	-1.25906
2.88234	-9.5756	-1.27841
2.69592	-9.62975	-1.29783
2.50798	-9.68039	-1.31729
2.31861	-9.72749	-1.33681
2.12791	-9.77098	-1.35637
1.93598	-9.81081	-1.37597
1.74294	-9.84694	-1.39561
1.54889	-9.87932	-1.41528
1.35394	-9.90792	-1.43499
1.15819	-9.9327	-1.45472
0.961775	-9.95364	-1.47447
0.764793	-9.97071	-1.49424
0.567362	-9.98389	-1.51403
0.369597	-9.99317	-1.53383
0.171615	-9.99853	-1.55363
-0.0264683	-9.99996	-1.57344
-0.224536	-9.99748	-1.59325
-0.422471	-9.99107	-1.61306
-0.620158	-9.98075	-1.63285
-0.817481	-9.96653	-1.65264
-1.01432	-9.94842	-1.6724
-1.21057	-9.92646	-1.69215
-1.40612	-9.90065	-1.71188
-1.60084	-9.87103	-1.73157
-1.79463	-9.83765	-1.75124
-1.98738	-9.80053	-1.77087
-2.17899	-9.75971	-1.79046
-2.36935	-9.71526	-1.81001
-2.55835	-9.66721	-1.82951
-2.74589	-9.61562	-1.84896
-2.93188	-9.56055	-1.86836
-3.11623	-9.50206	-1.8877
-3.29883	-9.44022	-1.90698
-3.47959	-9.3751	-1.92619
-3.65844	-9.30676	-1.94534
-3.83528	-9.23529	-1.96441
-4.01004	-9.16076	-1.98341
-4.18263	-9.08326	-2.00233
-4.35299	-9.00286	-2.02117
-4.52105	-8.91965	-2.03992
-4.68672	-8.83372	-2.05858
-4.84997	-8.74516	-2.07716
-5.01071	-8.65406	-2.09563
-5.16891	-8.56051	-2.11401
-5.3245	-8.46462	-2.13229
-5.47744	-8.36646	-2.15046
-5.62768	-8.26615	-2.16853
-5.77518	-8.16378	-2.18648
-5.91991	-8.05945	-2.20432
-6.06183	-7.95325	-2.22205
-6.20091	-7.8453	-2.23965
-6.33713	-7.73568	-2.25714
-6.47046	-7.62451	-2.2745
-6.60089	-7.51187	-2.29173
-6.7284	-7.39788	-2.30884
-6.85298	-7.28262	-2.32581
-6.97463	-7.16621	-2.34265
-7.09333	-7.04873	-2.35935
-7.20909	-6.9303	-2.37591
-7.32191	-6.81099	-2.39233
-7.43179	-6.69092	-2.40861
-7.53875	-6.57018	-2.42474
-7.64279	-6.44885	-2.44072
-7.74393	-6.32704	-2.45655
-7.84219	-6.20484	-2.47223
-7.93758	-6.08233	-2.48776
-8.03014	-5.95961	-2.50313
-8.11987	-5.83676	-2.51834
-8.20682	-5.71386	-2.5334
-8.291	-5.591	-2.54829
-8.37246	-5.46827	-2.56302
-8.45122	-5.34574	-2.57759
-8.52732	-5.22348	-2.59199
-8.6008	-5.10159	-2.60622
-8.6717	-4.98012	-2.62029
-8.74006	-4.85915	-2.63418
-8.80591	-4.73876	-2.64791
-8.86932	-4.61901	-2.66146
-8.9303	-4.49996	-2.67483
-8.98893	-4.38169	-2.68803
-9.04523	-4.26424	-2.70106
-9.09927	-4.14769	-2.7139
-9.15108	-4.03208	-2.72657
-9.20072	-3.91748	-2.73906
-9.24824	-3.80394	-2.75137
-9.29369	-3.69151	-2.7635
-9.33712	-3.58024	-2.77544
-9.37859	-3.47018	-2.7872
-9.41813	-3.36137	-2.79878
-9.45582	-3.25385	-2.81017
-9.49169	-3.14768	-2.82138
-9.5258	-3.04288	-2.8324
-9.55821	-2.9395	-2.84324
-9.58896	-2.83757	-2.85388
-9.61811	-2.73713	-2.86434
-9.64571	-2.63822	-2.87461
-9.67182	-2.54085	-2.88469
-9.69648	-2.44507	-2.89458
-9.71974	-2.35089	-2.90428
-9.74165	-2.25836	-2.91379
-9.76228	-2.16748	-2.92311
-9.78165	-2.07829	-2.93224
-9.79983	-1.99081	-2.94117
-9.81686	-1.90506	-2.94992
-9.83279	-1.82105	-2.95847
-9.84767	-1.73881	-2.96682
-9.86153	-1.65836	-2.97499
-9.87444	-1.5797	-2.98296
-9.88643	-1.50286	-2.99073
-9.89754	-1.42785	-2.99832
-9.90782	-1.35468	-3.00571
-9.91731	-1.28337	-3.0129
-9.92605	-1.21392	-3.0199
-9.93408	-1.14634	-3.02671
-9.94144	-1.08065	-3.03332
-9.94817	-1.01685	-3.03973
-9.9543	-0.954958	-3.04595
-9.95987	-0.894971	-3.05198
-9.96492	-0.836898	-3.0578
-9.96948	-0.780746	-3.06344
-9.97357	-0.726519	-3.06888
-9.97725	-0.674224	-3.07412
-9.98052	-0.623864	-3.07917
-9.98343	-0.575443	-3.08402
-9.986	-0.528965	-3.08867
-9.98826	-0.484432	-3.09313
-9.99023	-0.441847	-3.09739
-9.99195	-0.401213	-3.10146
-9.99343	-0.362531	-3.10533
-9.99469	-0.325803	-3.10901
-9.99576	-0.291032	-3.11249
-9.99667	-0.258217	-3.11577
-9.99742	-0.22736	-3.11885
-9.99803	-0.198462	-3.12175
-9.99853	-0.171524	-3.12444
-9.99893	-0.146546	-3.12694
-9.99924	-0.123529	-3.12924
-9.99947	-0.102473	-3.13135
-9.99965	-0.083378	-3.13325
-9.99978	-0.0662449	-3.13497
-9.99987	-0.0510735	-3.13649
-9.99993	-0.037864	-3.13781
-9.99996	-0.0266164	-3.13893
-9.99998	-0.0173307	-3.13986
-9.99999	-0.010007	-3.14059
-10	-0.0046453	-3.14113
-10	-0.0012456	-3.14147
-10	0.000192097	-3.14161
-10	-0.000332205	-3.14156
-10	-0.00281851	-3.14131
-10	-0.00726681	-3.14087
-9.99999	-0.0136771	-3.14022
-9.99998	-0.0220494	-3.13939
-9.99995	-0.0323836	-3.13835
-9.9999	-0.0446798	-3.13712
-9.99983	-0.0589379	-3.1357
-9.99972	-0.0751578	-3.13408
-9.99956	-0.0933393	-3.13226
-9.99936	-0.113482	-3.13024
-9.99908	-0.135587	-3.12803
-9.99873	-0.159652	-3.12563
-9.99828	-0.185677	-3.12302
-9.99772	-0.213663	-3.12022
-9.99703	-0.243608	-3.11723
-9.9962	-0.275511	-3.11404
-9.99521	-0.309372	-3.11065
-9.99404	-0.345189	-3.10707
-9.99266	-0.382962	-3.10329
-9.99106	-0.422687	-3.09931
-9.98921	-0.464364	-3.09514
-9.98709	-0.507991	-3.09077
-9.98467	-0.553564	-3.08621
-9.98192	-0.601081	-3.08145
-9.97882	-0.650538	-3.07649
-9.97533	-0.701933	-3.07134
-9.97144	-0.755261	-3.06599
-9.9671	-0.810517	-3.06045
-9.96228	-0.867697	-3.05471
-9.95696	-0.926794	-3.04878
-9.95109	-0.987802	-3.04265
-9.94465	-1.05071	-3.03633
-9.93759	-1.11552	-3.02981
-9.92987	-1.18222	-3.02309
-9.92147	-1.2508	-3.01618
-9.91233	-1.32125	-3.00908
-9.90242	-1.39356	-3.00178
-9.8917	-1.46771	-2.99429
-9.88013	-1.5437	-2.9866
-9.86766	-1.62151	-2.97872
-9.85425	-1.70113	-2.97065
-9.83984	-1.78254	-2.96238
-9.82441	-1.86573	-2.95392
-9.8079	-1.95067	-2.94527
-9.79026	-2.03735	-2.93642
-9.77145	-2.12575	-2.92738
-9.75141	-2.21584	-2.91815
-9.7301	-2.30761	-2.90873
-9.70748	-2.40102	-2.89912
-9.68347	-2.49606	-2.88932
-9.65805	-2.59269	-2.87933
-9.63115	-2.69089	-2.86915
-9.60273	-2.79063	-2.85877
-9.57273	-2.89187	-2.84822
-9.5411	-2.99457	-2.83747
-9.50778	-3.09871	-2.82653
-9.47274	-3.20425	-2.81541
-9.4359	-3.31115	-2.80411
-9.39723	-3.41936	-2.79262
-9.35667	-3.52885	-2.78094
-9.31416	-3.63956	-2.76908
-9.26966	-3.75146	-2.75704
-9.22311	-3.86449	-2.74481
-9.17446	-3.9786	-2.73241
-9.12366	-4.09375	-2.71982
-9.07067	-4.20987	-2.70706
-9.01543	-4.3269	-2.69412
-8.95789	-4.4448	-2.681
-8.89801	-4.5635	-2.6677
-8.83573	-4.68293	-2.65423
-8.77103	-4.80303	-2.64059
-8.70384	-4.92374	-2.62678
-8.63413	-5.04498	-2.61279
-8.56185	-5.16669	-2.59864
-8.48698	-5.28878	-2.58431
-8.40946	-5.41119	-2.56982
-8.32926	-5.53384	-2.55517
-8.24635	-5.65665	-2.54035
-8.16069	-5.77954	-2.52537
-8.07226	-5.90243	-2.51023
-7.98102	-6.02522	-2.49494
-7.88696	-6.14784	-2.47948
-7.79003	-6.2702	-2.46387
-7.69024	-6.3922	-2.44811
-7.58755	-6.51376	-2.4322
-7.48195	-6.63479	-2.41613
-7.37343	-6.75519	-2.39992
-7.26198	-6.87486	-2.38357
-7.14759	-6.99371	-2.36708
-7.03026	-7.11165	-2.35044
-6.90998	-7.22857	-2.33367
-6.78677	-7.34437	-2.31676
-6.66062	-7.45897	-2.29971
-6.53154	-7.57225	-2.28254
-6.39956	-7.68412	-2.26524
-6.26468	-7.79447	-2.24781
-6.12693	-7.90321	-2.23026
-5.98633	-8.01024	-2.21259
-5.8429	-8.11545	-2.1948
-5.69669	-8.21874	-2.1769
-5.54772	-8.32003	-2.15889
-5.39603	-8.4192	-2.14076
-5.24167	-8.51615	-2.12253
-5.08468	-8.61081	-2.1042
-4.92512	-8.70306	-2.08577
-4.76303	-8.79281	-2.06724
-4.59848	-8.87998	-2.04862
-4.43152	-8.96447	-2.02991
-4.26223	-9.04618	-2.01111
-4.09066	-9.12505	-1.99223
-3.9169	-9.20097	-1.97326
-3.74102	-9.27388	-1.95422
-3.5631	-9.34368	-1.93511
-3.38321	-9.41031	-1.91593
-3.20146	-9.47368	-1.89668
-3.01791	-9.53374	-1.87737
-2.83268	-9.59041	-1.858
-2.64585	-9.64362	-1.83857
-2.45751	-9.69333	-1.81909
-2.26777	-9.73947	-1.79956
-2.07673	-9.78198	-1.77999
-1.8845	-9.82083	-1.76038
-1.69118	-9.85596	-1.74073
-1.49688	-9.88733	-1.72105
-1.3017	-9.91492	-1.70134
-1.10577	-9.93868	-1.6816
-0.909187	-9.95858	-1.66184
-0.712073	-9.97462	-1.64206
-0.514541	-9.98675	-1.62227
-0.316707	-9.99498	-1.60247
-0.118687	-9.9993	-1.58267
0.0794038	-9.99968	-1.56286
0.277447	-9.99615	-1.54305
0.475328	-9.9887	-1.52325
0.672929	-9.97733	-1.50345
0.870134	-9.96207	-1.48367
1.06683	-9.94293	-1.46391
1.2629	-9.91993	-1.44417
1.45824	-9.89311	-1.42445
1.65272	-9.86248	-1.40476
1.84625	-9.82809	-1.38511
2.0387	-9.78998	-1.36549
2.22999	-9.74819	-1.34591
2.41999	-9.70276	-1.32637
2.60861	-9.65376	-1.30688
2.79575	-9.60124	-1.28744
2.98131	-9.54525	-1.26806
3.1652	-9.48586	-1.24874
3.34731	-9.42314	-1.22948
3.52758	-9.35715	-1.21028
3.70589	-9.28797	-1.19115
3.88219	-9.21567	-1.1721
4.05637	-9.14034	-1.15312
4.22838	-9.06205	-1.13422
4.39813	-8.98089	-1.11541
4.56555	-8.89695	-1.09668
4.73059	-8.81031	-1.07804
4.89317	-8.72106	-1.05949
5.05324	-8.6293	-1.04104
5.21074	-8.53511	-1.02269
5.36563	-8.4386	-1.00444
5.51785	-8.33986	-0.986293
5.66736	-8.23899	-0.968257
5.81413	-8.13609	-0.950332
5.95811	-8.03125	-0.932521
6.09927	-7.92457	-0.914828
6.23759	-7.81617	-0.897253
6.37304	-7.70612	-0.879802
6.5056	-7.59455	-0.862475
6.63525	-7.48154	-0.845276
6.76198	-7.3672	-0.828207
6.88578	-7.25162	-0.81127
7.00664	-7.13492	-0.794469
7.12455	-7.01718	-0.777805
7.23953	-6.8985	-0.761281
7.35156	-6.77898	-0.744899
7.46066	-6.65872	-0.728662
7.56684	-6.53781	-0.71257
7.6701	-6.41635	-0.696628
7.77047	-6.29442	-0.680835
7.86796	-6.17213	-0.665195
7.96259	-6.04955	-0.64971
8.05439	-5.92679	-0.634381
8.14338	-5.80391	-0.619209
8.22958	-5.68102	-0.604198
8.31303	-5.55819	-0.589348
8.39377	-5.4355	-0.574661
8.47181	-5.31304	-0.560139
8.54721	-5.19087	-0.545783
8.62	-5.06908	-0.531594
8.69022	-4.94774	-0.517575
8.7579	-4.82692	-0.503726
8.8231	-4.7067	-0.490049
8.88585	-4.58712	-0.476546
8.9462	-4.46828	-0.463216
9.0042	-4.35022	-0.450062
9.05989	-4.233	-0.437085
9.11333	-4.1167	-0.424286
9.16456	-4.00136	-0.411665
9.21363	-3.88704	-0.399224
9.26059	-3.77379	-0.386964
9.3055	-3.66166	-0.374886
9.34839	-3.55071	-0.36299
9.38934	-3.44097	-0.351277
9.42838	-3.33251	-0.339749
9.46558	-3.22535	-0.328406
9.50097	-3.11953	-0.317248
9.53463	-3.01511	-0.306277
9.56659	-2.91212	-0.295493
9.59691	-2.81059	-0.284897
9.62564	-2.71055	-0.274489
9.65283	-2.61204	-0.26427
9.67855	-2.5151	-0.25424
9.70283	-2.41974	-0.2444
9.72572	-2.326	-0.234751
9.74729	-2.23391	-0.225292
9.76757	-2.14348	-0.216024
9.78662	-2.05475	-0.206949
9.80449	-1.96772	-0.198065
9.82122	-1.88243	-0.189373
9.83687	-1.7989	-0.180875
9.85147	-1.71714	-0.172569
9.86508	-1.63716	-0.164456
9.87773	-1.55899	-0.156537
9.88948	-1.48264	-0.148812
9.90036	-1.40812	-0.141281
9.91043	-1.33544	-0.133944
9.91971	-1.26462	-0.126802
9.92826	-1.19567	-0.119854
9.93611	-1.1286	-0.113101
9.9433	-1.06342	-0.106543
9.94986	-1.00013	-0.10018
9.95584	-0.938741	-0.0940125
9.96127	-0.879264	-0.0880401
9.96618	-0.821704	-0.0822632
9.97061	-0.766066	-0.0766817
9.9746	-0.712355	-0.0712959
9.97816	-0.660577	-0.0661058
9.98133	-0.610735	-0.0611115
9.98415	-0.562833	-0.056313
9.98663	-0.516874	-0.0517104
9.98881	-0.472861	-0.0473038
9.99072	-0.430797	-0.0430931
9.99237	-0.390685	-0.0390784
9.99378	-0.352525	-0.0352598
9.995	-0.31632	-0.0316373
9.99602	-0.282071	-0.0282108
9.99688	-0.249779	-0.0249805
9.99759	-0.219446	-0.0219463
9.99817	-0.191072	-0.0191083
9.99864	-0.164657	-0.0164665
9.99902	-0.140203	-0.0140208
9.99931	-0.11771	-0.0117713
9.99953	-0.0971781	-0.00971796
9.99969	-0.0786075	-0.00786083
9.99981	-0.0619986	-0.0061999
9.99989	-0.0473515	-0.00473517
9.99994	-0.0346662	-0.00346663
9.99997	-0.0239429	-0.00239429
9.99999	-0.0151815	-0.00151815
10	-0.00838211	-0.000838211
10	-0.00354471	-0.000354471
10	-0.000669312	-6.69E-05
10	0.000244085	2.44E-05
10	-0.000804517	-8.05E-05
10	-0.00381512	-0.000381512
10	-0.00878772	-0.000878772
9.99999	-0.0157223	-0.00157223
9.99997	-0.0246189	-0.00246189
9.99994	-0.0354774	-0.00354775
9.99988	-0.0482979	-0.00482981
9.9998	-0.0630802	-0.00630807
9.99968	-0.0798243	-0.00798252
9.99951	-0.09853	-0.00985316
9.99929	-0.119197	-0.01192
9.99899	-0.141825	-0.014183
9.99862	-0.166415	-0.0166422
9.99814	-0.192964	-0.0192976
9.99755	-0.221473	-0.0221491
9.99683	-0.251942	-0.0251968
9.99596	-0.284368	-0.0284407
9.99492	-0.318752	-0.0318806
9.99369	-0.355092	-0.0355167
9.99226	-0.393386	-0.0393488
9.99059	-0.433634	-0.043377
9.98867	-0.475832	-0.0476011
9.98647	-0.519979	-0.0520213
9.98397	-0.566071	-0.0566374
9.98113	-0.614107	-0.0614494
9.97793	-0.664083	-0.0664572
9.97433	-0.715995	-0.0716608
9.97032	-0.769838	-0.0770601
9.96586	-0.825609	-0.082655
9.96091	-0.883301	-0.0884454
9.95545	-0.94291	-0.0944313
9.94943	-1.00443	-0.100612
9.94282	-1.06785	-0.106989
9.93559	-1.13316	-0.11356
9.92769	-1.20037	-0.120327
9.9191	-1.26944	-0.127288
9.90976	-1.34039	-0.134444
9.89964	-1.41319	-0.141794
9.8887	-1.48784	-0.149338
9.87689	-1.56432	-0.157077
9.86417	-1.64261	-0.165009
9.8505	-1.72271	-0.173135
9.83582	-1.8046	-0.181454
9.82011	-1.88826	-0.189966
9.8033	-1.97366	-0.198671
9.78535	-2.06081	-0.207568
9.76622	-2.14966	-0.216657
9.74585	-2.2402	-0.225938
9.72419	-2.33241	-0.235409
9.7012	-2.42626	-0.245072
9.67682	-2.52173	-0.254925
9.65101	-2.61878	-0.264968
9.62371	-2.7174	-0.2752
9.59487	-2.81754	-0.285621
9.56444	-2.91917	-0.29623
9.53236	-3.02226	-0.307027
9.49859	-3.12678	-0.318011
9.46307	-3.23269	-0.329182
9.42575	-3.33994	-0.340538
9.38658	-3.4485	-0.352079
9.3455	-3.55832	-0.363804
9.30247	-3.66935	-0.375712
9.25742	-3.78156	-0.387803
9.21032	-3.89488	-0.400076
9.1611	-4.00927	-0.412529
9.10972	-4.12468	-0.425162
9.05613	-4.24105	-0.437974
9.00028	-4.35833	-0.450963
8.94212	-4.47644	-0.464129
8.8816	-4.59534	-0.477471
8.81868	-4.71496	-0.490986
8.75332	-4.83523	-0.504675
8.68546	-4.95609	-0.518536
8.61507	-5.07746	-0.532567
8.5421	-5.19928	-0.546767
8.46652	-5.32147	-0.561134
8.38829	-5.44395	-0.575668
8.30737	-5.56665	-0.590366
8.22373	-5.68949	-0.605227
8.13733	-5.81238	-0.62025
8.04815	-5.93525	-0.635432
7.95616	-6.05801	-0.650772
7.86134	-6.18057	-0.666268
7.76365	-6.30284	-0.681919
7.66308	-6.42473	-0.697721
7.55962	-6.54616	-0.713675
7.45324	-6.66703	-0.729776
7.34393	-6.78724	-0.746024
7.2317	-6.9067	-0.762416
7.11652	-7.02532	-0.778949
6.9984	-7.14299	-0.795622
6.87734	-7.25963	-0.812433
6.75334	-7.37512	-0.829379
6.62641	-7.48937	-0.846457
6.49656	-7.60228	-0.863665
6.3638	-7.71376	-0.881
6.22815	-7.82369	-0.898461
6.08964	-7.93198	-0.916043
5.94828	-8.03853	-0.933745
5.8041	-8.14324	-0.951564
5.65715	-8.24601	-0.969496
5.50745	-8.34674	-0.98754
5.35504	-8.44533	-1.00569
5.19997	-8.54168	-1.02395
5.04229	-8.6357	-1.04231
4.88205	-8.72729	-1.06076
4.71929	-8.81636	-1.07932
4.55409	-8.90282	-1.09796
4.38651	-8.98658	-1.1167
4.2166	-9.06754	-1.13552
4.04444	-9.14563	-1.15443
3.87011	-9.22075	-1.17341
3.69367	-9.29284	-1.19247
3.51521	-9.3618	-1.2116
3.33482	-9.42756	-1.2308
3.15258	-9.49006	-1.25007
2.96858	-9.54922	-1.2694
2.78291	-9.60497	-1.28878
2.59566	-9.65725	-1.30822
2.40694	-9.70601	-1.32772
2.21684	-9.75118	-1.34725
2.02548	-9.79272	-1.36684
1.83294	-9.83058	-1.38646
1.63935	-9.86471	-1.40612
1.4448	-9.89508	-1.42581
1.24941	-9.92164	-1.44553
1.05329	-9.94437	-1.46527
0.85656	-9.96325	-1.48504
0.659323	-9.97824	-1.50482
0.461699	-9.98934	-1.52461
0.263804	-9.99652	-1.54441
0.0657533	-9.99978	-1.56422
-0.132336	-9.99912	-1.58403
-0.330347	-9.99454	-1.60384
-0.528164	-9.98604	-1.62364
-0.725671	-9.97364	-1.64343
-0.922752	-9.95734	-1.6632
-1.11929	-9.93716	-1.68296
-1.31518	-9.91314	-1.7027
-1.51029	-9.88529	-1.72241
-1.70453	-9.85366	-1.74209
-1.89779	-9.81827	-1.76173
-2.08994	-9.77917	-1.78134
-2.28089	-9.7364	-1.80091
-2.47053	-9.69002	-1.82043
-2.65877	-9.64007	-1.83991
-2.8455	-9.58661	-1.85933
-3.03062	-9.52971	-1.8787
-3.21404	-9.46942	-1.89801
-3.39567	-9.40582	-1.91725
-3.57542	-9.33897	-1.93643
-3.75321	-9.26895	-1.95554
-3.92894	-9.19584	-1.97457
-4.10256	-9.11971	-1.99353
-4.27397	-9.04064	-2.01241
-4.4431	-8.95873	-2.0312
-4.60989	-8.87406	-2.04991
-4.77428	-8.78671	-2.06852
-4.93619	-8.69678	-2.08704
-5.09558	-8.60436	-2.10547
-5.25239	-8.50955	-2.12379
-5.40657	-8.41243	-2.14201
-5.55807	-8.31311	-2.16013
-5.70685	-8.21169	-2.17814
-5.85288	-8.10826	-2.19603
-5.99611	-8.00292	-2.21381
-6.13651	-7.89577	-2.23147
-6.27407	-7.78692	-2.24902
-6.40875	-7.67645	-2.26643
-6.54053	-7.56449	-2.28373
-6.6694	-7.45111	-2.30089
-6.79535	-7.33643	-2.31793
-6.91836	-7.22054	-2.33483
-7.03844	-7.10355	-2.35159
-7.15557	-6.98555	-2.36822
-7.26975	-6.86664	-2.3847
-7.381	-6.74691	-2.40105
-7.48932	-6.62647	-2.41725
-7.59472	-6.5054	-2.4333
-7.69721	-6.38381	-2.4492
-7.79681	-6.26178	-2.46495
-7.89353	-6.1394	-2.48055
-7.9874	-6.01676	-2.49599
-8.07844	-5.89396	-2.51128
-8.16668	-5.77107	-2.52641
-8.25215	-5.64819	-2.54138
-8.33487	-5.52539	-2.55619
-8.41488	-5.40275	-2.57083
-8.49222	-5.28036	-2.58531
-8.56692	-5.15829	-2.59962
-8.63901	-5.03661	-2.61376
-8.70855	-4.9154	-2.62774
-8.77556	-4.79473	-2.64154
-8.8401	-4.67468	-2.65517
-8.90221	-4.55529	-2.66863
-8.96193	-4.43665	-2.68191
-9.01931	-4.31881	-2.69502
-9.07439	-4.20183	-2.70795
-9.12723	-4.08578	-2.7207
-9.17788	-3.97071	-2.73327
-9.22638	-3.85667	-2.74566
-9.27279	-3.74371	-2.75787
-9.31715	-3.63189	-2.7699
-9.35953	-3.52126	-2.78175
-9.39996	-3.41186	-2.79341
-9.4385	-3.30374	-2.80489
-9.47521	-3.19694	-2.81619
-9.51014	-3.09149	-2.82729
-9.54333	-2.98745	-2.83822
-9.57485	-2.88484	-2.84895
-9.60474	-2.78371	-2.8595
-9.63305	-2.68408	-2.86985
-9.65985	-2.58598	-2.88002
-9.68517	-2.48946	-2.89
-9.70908	-2.39453	-2.89979
-9.73162	-2.30123	-2.90939
-9.75283	-2.20958	-2.9188
-9.77278	-2.1196	-2.92801
-9.79151	-2.03132	-2.93704
-9.80907	-1.94476	-2.94587
-9.82551	-1.85994	-2.95451
-9.84087	-1.77688	-2.96296
-9.8552	-1.69559	-2.97121
-9.86855	-1.61609	-2.97927
-9.88096	-1.53841	-2.98714
-9.89247	-1.46254	-2.99481
-9.90313	-1.38851	-3.00229
-9.91298	-1.31634	-3.00958
-9.92207	-1.24602	-3.01667
-9.93042	-1.17757	-3.02356
-9.93809	-1.111	-3.03026
-9.94511	-1.04632	-3.03677
-9.95152	-0.983537	-3.04308
-9.95734	-0.92266	-3.0492
-9.96263	-0.863695	-3.05512
-9.96741	-0.806648	-3.06084
-9.97172	-0.751524	-3.06637
-9.97559	-0.698329	-3.0717
-9.97904	-0.647068	-3.07684
-9.98212	-0.597744	-3.08178
-9.98484	-0.550361	-3.08653
-9.98724	-0.504922	-3.09108
-9.98935	-0.46143	-3.09543
-9.99118	-0.419887	-3.09959
-9.99277	-0.380296	-3.10355
-9.99413	-0.342658	-3.10732
-9.99529	-0.306976	-3.11089
-9.99627	-0.27325	-3.11426
-9.99708	-0.241481	-3.11744
-9.99776	-0.211672	-3.12042
-9.99831	-0.183821	-3.12321
-9.99875	-0.15793	-3.1258
-9.9991	-0.134	-3.12819
-9.99937	-0.112031	-3.13039
-9.99958	-0.0920235	-3.13239
-9.99973	-0.0739771	-3.13419
-9.99983	-0.0578924	-3.1358
-9.9999	-0.0437695	-3.13722
-9.99995	-0.0316086	-3.13843
-9.99998	-0.0214095	-3.13945
-9.99999	-0.0131724	-3.14028
-10	-0.00689732	-3.1409
-10	-0.00258423	-3.14133
-10	-0.00023313	-3.14157
-10	0.000155966	-3.14161
-10	-0.00141694	-3.14145
-10	-0.00495184	-3.1411
-9.99999	-0.0104487	-3.14055
-9.99998	-0.0179076	-3.1398
-9.99996	-0.0273285	-3.13886
-9.99993	-0.0387113	-3.13772
-9.99986	-0.0520561	-3.13639
-9.99977	-0.0673627	-3.13486
-9.99964	-0.084631	-3.13313
-9.99946	-0.103861	-3.13121
-9.99922	-0.125052	-3.12909
-9.9989	-0.148204	-3.12677
-9.9985	-0.173317	-3.12426
-9.99799	-0.200391	-3.12155
-9.99737	-0.229423	-3.11865
-9.99661	-0.260415	-3.11555
-9.9957	-0.293365	-3.11225
-9.99461	-0.328272	-3.10876
-9.99333	-0.365134	-3.10507
-9.99184	-0.40395	-3.10119
-9.99011	-0.444719	-3.09711
-9.98811	-0.487438	-3.09283
-9.98583	-0.532105	-3.08836
-9.98324	-0.578718	-3.08369
-9.98031	-0.627272	-3.07882
-9.97701	-0.677766	-3.07376
-9.97331	-0.730194	-3.06851
-9.96918	-0.784553	-3.06306
-9.96459	-0.840838	-3.05741
-9.9595	-0.899043	-3.05157
-9.95389	-0.959163	-3.04553
-9.94772	-1.02119	-3.0393
-9.94095	-1.08512	-3.03287
-9.93355	-1.15094	-3.02624
-9.92547	-1.21864	-3.01942
-9.91668	-1.28822	-3.01241
-9.90713	-1.35966	-3.0052
-9.8968	-1.43296	-2.9978
-9.88563	-1.5081	-2.99021
-9.87358	-1.58506	-2.98241
-9.86061	-1.66384	-2.97443
-9.84667	-1.74442	-2.96625
-9.83173	-1.82678	-2.95788
-9.81572	-1.91091	-2.94932
-9.79862	-1.99678	-2.94056
-9.78036	-2.08438	-2.93161
-9.7609	-2.17369	-2.92247
-9.74019	-2.26468	-2.91314
-9.71818	-2.35733	-2.90362
-9.69482	-2.45162	-2.89391
-9.67007	-2.54751	-2.884
-9.64386	-2.64498	-2.87391
-9.61615	-2.74401	-2.86363
-9.58689	-2.84455	-2.85315
-9.55603	-2.94658	-2.8425
-9.52351	-3.05006	-2.83165
-9.48927	-3.15495	-2.82061
-9.45328	-3.26122	-2.80939
-9.41547	-3.36882	-2.79799
-9.37579	-3.47772	-2.7864
-9.33419	-3.58787	-2.77462
-9.29063	-3.69922	-2.76267
-9.24504	-3.81173	-2.75053
-9.19737	-3.92535	-2.73821
-9.14758	-4.04002	-2.72571
-9.09562	-4.15569	-2.71302
-9.04143	-4.27231	-2.70017
-8.98496	-4.38981	-2.68713
-8.92618	-4.50814	-2.67392
-8.86502	-4.62724	-2.66053
-8.80146	-4.74704	-2.64697
-8.73543	-4.86747	-2.63323
-8.6669	-4.98848	-2.61932
-8.59582	-5.10997	-2.60525
-8.52216	-5.2319	-2.591
-8.44588	-5.35417	-2.57659
-8.36693	-5.47672	-2.56201
-8.28529	-5.59947	-2.54727
-8.20091	-5.72233	-2.53237
-8.11378	-5.84522	-2.5173
-8.02385	-5.96807	-2.50208
-7.9311	-6.09078	-2.48669
-7.83551	-6.21327	-2.47116
-7.73706	-6.33545	-2.45547
-7.63572	-6.45723	-2.43962
-7.53147	-6.57852	-2.42363
-7.42432	-6.69922	-2.40749
-7.31423	-6.81924	-2.3912
-7.20121	-6.93849	-2.37477
-7.08525	-7.05686	-2.3582
-6.96634	-7.17427	-2.34149
-6.84449	-7.2906	-2.32464
-6.71971	-7.40578	-2.30766
-6.592	-7.51968	-2.29055
-6.46137	-7.63222	-2.27331
-6.32783	-7.74329	-2.25594
-6.19142	-7.85279	-2.23845
-6.05214	-7.96063	-2.22083
-5.91002	-8.0667	-2.2031
-5.7651	-8.1709	-2.18525
-5.61741	-8.27313	-2.16729
-5.46698	-8.3733	-2.14921
-5.31386	-8.4713	-2.13103
-5.15809	-8.56704	-2.11275
-4.99972	-8.66042	-2.09436
-4.8388	-8.75134	-2.07588
-4.67539	-8.83973	-2.0573
-4.50954	-8.92547	-2.03863
-4.34133	-9.00849	-2.01987
-4.17081	-9.08869	-2.00103
-3.99806	-9.166	-1.9821
-3.82316	-9.24032	-1.9631
-3.64618	-9.31157	-1.94402
-3.46719	-9.37969	-1.92487
-3.2863	-9.44459	-1.90565
-3.10358	-9.5062	-1.88637
-2.91912	-9.56445	-1.86702
-2.73302	-9.61928	-1.84762
-2.54537	-9.67063	-1.82817
-2.35627	-9.71844	-1.80866
-2.16583	-9.76264	-1.78911
-1.97414	-9.8032	-1.76952
-1.78131	-9.84007	-1.74988
-1.58745	-9.8732	-1.73022
-1.39267	-9.90255	-1.71052
-1.19707	-9.92809	-1.69079
-1.00078	-9.9498	-1.67104
-0.803897	-9.96764	-1.65127
-0.606546	-9.98159	-1.63149
-0.408838	-9.99164	-1.61169
-0.21089	-9.99778	-1.59189
-0.0128173	-9.99999	-1.57208
0.185263	-9.99828	-1.55227
0.383233	-9.99265	-1.53246
0.580979	-9.98311	-1.51267
0.778383	-9.96966	-1.49288
0.97533	-9.95232	-1.47311
1.17171	-9.93112	-1.45336
1.3674	-9.90607	-1.43363
1.56229	-9.87721	-1.41392
1.75628	-9.84457	-1.39425
1.94925	-9.80818	-1.37462
2.14109	-9.7681	-1.35502
2.3317	-9.72436	-1.33546
2.52098	-9.67702	-1.31595
2.70882	-9.62613	-1.29649
2.89513	-9.57174	-1.27708
3.0798	-9.51393	-1.25773
3.26276	-9.45275	-1.23844
3.44389	-9.38827	-1.21921
3.62313	-9.32057	-1.20005
3.80037	-9.24971	-1.18096
3.97555	-9.17578	-1.16195
4.14858	-9.09886	-1.14301
4.31939	-9.01903	-1.12415
4.4879	-8.93637	-1.10538
4.65406	-8.85097	-1.0867
4.81779	-8.76293	-1.06811
4.97904	-8.67232	-1.04962
5.13774	-8.57925	-1.03122
5.29385	-8.48382	-1.01292
5.44732	-8.3861	-0.994727
5.5981	-8.28621	-0.97664
5.74615	-8.18424	-0.958663
5.89143	-8.08029	-0.940799
6.03391	-7.97446	-0.92305
6.17355	-7.86684	-0.90542
6.31034	-7.75755	-0.887911
6.44425	-7.64668	-0.870525
6.57526	-7.53432	-0.853266
6.70335	-7.42059	-0.836137
6.82851	-7.30558	-0.819138
6.95074	-7.18938	-0.802274
7.07002	-7.07211	-0.785546
7.18637	-6.95386	-0.768956
7.29977	-6.83472	-0.752508
7.41023	-6.71479	-0.736203
7.51777	-6.59417	-0.720043
7.62239	-6.47296	-0.704031
7.72411	-6.35124	-0.688168
7.82293	-6.2291	-0.672457
7.91889	-6.10665	-0.6569
8.01201	-5.98396	-0.641498
8.1023	-5.86113	-0.626252
8.18979	-5.73823	-0.611166
8.27452	-5.61536	-0.596241
8.35652	-5.4926	-0.581478
8.43581	-5.37002	-0.566879
8.51244	-5.2477	-0.552445
8.58644	-5.12573	-0.538179
8.65784	-5.00417	-0.52408
8.7267	-4.8831	-0.510152
8.79305	-4.76259	-0.496395
8.85694	-4.6427	-0.482811
8.9184	-4.52351	-0.4694
8.97749	-4.40508	-0.456164
9.03425	-4.28746	-0.443105
9.08873	-4.17073	-0.430222
9.14098	-4.05493	-0.417518
9.19105	-3.94013	-0.404993
9.23899	-3.82637	-0.392649
9.28484	-3.71372	-0.380486
9.32867	-3.60221	-0.368505
9.37052	-3.49191	-0.356707
9.41044	-3.38284	-0.345093
